-60.000000 -0.000849
-59.000000 -0.000668
-58.000000 -0.002457
-57.000000 -0.002828
-56.000000 -0.002532
-55.000000 -0.002088
-54.000000 -0.002866
-53.000000 -0.002693
-52.000000 -0.002761
-51.000000 -0.002783
-50.000000 -0.002373
-49.000000 -0.000603
-48.000000 0.000449
-47.000000 -0.002656
-46.000000 -0.000988
-45.000000 -0.000781
-44.000000 -0.000798
-43.000000 -0.000687
-42.000000 -0.002537
-41.000000 -0.002811
-40.000000 -0.001106
-39.000000 0.000834
-38.000000 0.000275
-37.000000 0.000529
-36.000000 0.000660
-35.000000 0.002087
-34.000000 0.001363
-33.000000 0.001771
-32.000000 0.001590
-31.000000 0.001237
-30.000000 -0.000662
-29.000000 -0.002150
-28.000000 -0.001253
-27.000000 -0.000161
-26.000000 0.001835
-25.000000 0.002126
-24.000000 0.002742
-23.000000 0.003008
-22.000000 0.002847
-21.000000 0.003301
-20.000000 0.002980
-19.000000 0.001706
-18.000000 0.003125
-17.000000 0.003174
-16.000000 0.002471
-15.000000 0.003198
-14.000000 0.001621
-13.000000 0.003248
-12.000000 0.002796
-11.000000 0.001128
-10.000000 0.000705
-9.000000 0.000383
-8.000000 0.000914
-7.000000 0.001889
-6.000000 0.002926
-5.000000 0.003983
-4.000000 0.003688
-3.000000 0.002258
-2.000000 -0.000816
-1.000000 0.012155
0.000000 0.018842
1.000000 0.017700
2.000000 0.017962
3.000000 0.017615
4.000000 0.016481
5.000000 0.018044
6.000000 0.018018
7.000000 0.018991
8.000000 0.018361
9.000000 0.017011
10.000000 0.016831
11.000000 0.016796
12.000000 0.017245
13.000000 0.016996
14.000000 0.016696
15.000000 0.015952
16.000000 0.017894
17.000000 0.018763
18.000000 0.018580
19.000000 0.018244
20.000000 0.019059
21.000000 0.019671
22.000000 0.020420
23.000000 0.021268
24.000000 0.022159
25.000000 0.022685
26.000000 0.023728
27.000000 0.026371
28.000000 0.026880
29.000000 0.026533
30.000000 0.026338
31.000000 0.026181
32.000000 0.026451
33.000000 0.026200
34.000000 0.025990
35.000000 0.025566
36.000000 0.026072
37.000000 0.026520
38.000000 0.025495
39.000000 0.025548
40.000000 0.026132
41.000000 0.026049
42.000000 0.025055
43.000000 0.022930
44.000000 0.024269
45.000000 0.023026
46.000000 0.023300
47.000000 0.022415
48.000000 0.021090
49.000000 0.020983
50.000000 0.021000
51.000000 0.018516
52.000000 0.017321
53.000000 0.016230
54.000000 0.017387
55.000000 0.016613
56.000000 0.016116
57.000000 0.014217
58.000000 0.010529
59.000000 0.008583
