-60.000000 -0.002695
-59.000000 -0.002897
-58.000000 -0.003543
-57.000000 -0.004507
-56.000000 -0.005169
-55.000000 -0.008140
-54.000000 -0.008616
-53.000000 -0.009042
-52.000000 -0.009183
-51.000000 -0.009592
-50.000000 -0.008911
-49.000000 -0.009505
-48.000000 -0.009841
-47.000000 -0.009372
-46.000000 -0.007431
-45.000000 -0.007248
-44.000000 -0.007646
-43.000000 -0.008150
-42.000000 -0.008079
-41.000000 -0.008595
-40.000000 -0.009023
-39.000000 -0.009475
-38.000000 -0.010876
-37.000000 -0.011341
-36.000000 -0.011918
-35.000000 -0.010605
-34.000000 -0.010024
-33.000000 -0.009907
-32.000000 -0.007690
-31.000000 -0.007329
-30.000000 -0.006767
-29.000000 -0.005621
-28.000000 -0.004609
-27.000000 -0.004339
-26.000000 -0.004514
-25.000000 -0.003656
-24.000000 -0.004035
-23.000000 -0.004545
-22.000000 -0.005423
-21.000000 -0.005154
-20.000000 -0.005044
-19.000000 -0.004731
-18.000000 -0.005706
-17.000000 -0.005682
-16.000000 -0.005652
-15.000000 -0.007520
-14.000000 -0.007863
-13.000000 -0.008206
-12.000000 -0.009885
-11.000000 -0.009203
-10.000000 -0.008290
-9.000000 -0.008069
-8.000000 -0.008862
-7.000000 -0.010410
-6.000000 -0.009848
-5.000000 -0.009262
-4.000000 -0.010109
-3.000000 -0.008804
-2.000000 -0.008885
-1.000000 -0.012084
0.000000 -0.012417
1.000000 -0.010998
2.000000 -0.012485
3.000000 -0.014188
4.000000 -0.013144
5.000000 -0.011976
6.000000 -0.011821
7.000000 -0.011596
8.000000 -0.012836
9.000000 -0.013010
10.000000 -0.014136
11.000000 -0.013805
12.000000 -0.012824
13.000000 -0.011948
14.000000 -0.012717
15.000000 -0.013586
16.000000 -0.012193
17.000000 -0.012702
18.000000 -0.014042
19.000000 -0.014917
20.000000 -0.015608
21.000000 -0.016517
22.000000 -0.016407
23.000000 -0.017414
24.000000 -0.018879
25.000000 -0.019592
26.000000 -0.018607
27.000000 -0.017866
28.000000 -0.018103
29.000000 -0.018130
30.000000 -0.017283
31.000000 -0.017665
32.000000 -0.017489
33.000000 -0.019816
34.000000 -0.019055
35.000000 -0.018488
36.000000 -0.019650
37.000000 -0.021674
38.000000 -0.023606
39.000000 -0.024607
40.000000 -0.025889
41.000000 -0.025779
42.000000 -0.026134
43.000000 -0.027598
44.000000 -0.028373
45.000000 -0.029184
46.000000 -0.028737
47.000000 -0.030125
48.000000 -0.028541
49.000000 -0.026930
50.000000 -0.028539
51.000000 -0.029552
52.000000 -0.030980
53.000000 -0.029162
54.000000 -0.028277
55.000000 -0.027876
56.000000 -0.028478
57.000000 -0.026358
58.000000 -0.024047
59.000000 -0.024255
