-60.000000 -0.001984
-59.000000 -0.000262
-58.000000 -0.000732
-57.000000 -0.001272
-56.000000 -0.002425
-55.000000 -0.004796
-54.000000 -0.004830
-53.000000 -0.007140
-52.000000 -0.006893
-51.000000 -0.006796
-50.000000 -0.003646
-49.000000 -0.003697
-48.000000 -0.002397
-47.000000 -0.003480
-46.000000 -0.004086
-45.000000 -0.003498
-44.000000 -0.003599
-43.000000 -0.004021
-42.000000 -0.005367
-41.000000 -0.006510
-40.000000 -0.008180
-39.000000 -0.009955
-38.000000 -0.008409
-37.000000 -0.003377
-36.000000 -0.001065
-35.000000 0.001383
-34.000000 0.003607
-33.000000 0.003535
-32.000000 0.005800
-31.000000 0.006573
-30.000000 0.008429
-29.000000 0.011502
-28.000000 0.010645
-27.000000 0.011885
-26.000000 0.008643
-25.000000 0.006763
-24.000000 0.007426
-23.000000 0.008206
-22.000000 0.008536
-21.000000 0.005799
-20.000000 0.004519
-19.000000 0.001611
-18.000000 0.002273
-17.000000 0.001837
-16.000000 -0.000542
-15.000000 -0.003541
-14.000000 -0.001969
-13.000000 -0.001958
-12.000000 -0.004174
-11.000000 -0.003961
-10.000000 -0.004990
-9.000000 -0.005284
-8.000000 -0.008076
-7.000000 -0.008186
-6.000000 -0.007256
-5.000000 -0.008771
-4.000000 -0.009299
-3.000000 -0.008243
-2.000000 -0.009978
-1.000000 -0.032259
0.000000 -0.040051
1.000000 -0.038202
2.000000 -0.037548
3.000000 -0.041060
4.000000 -0.041915
5.000000 -0.043283
6.000000 -0.043178
7.000000 -0.045945
8.000000 -0.045790
9.000000 -0.046180
10.000000 -0.046809
11.000000 -0.044934
12.000000 -0.044564
13.000000 -0.044732
14.000000 -0.045511
15.000000 -0.044412
16.000000 -0.046991
17.000000 -0.048241
18.000000 -0.049297
19.000000 -0.047620
20.000000 -0.049690
21.000000 -0.051306
22.000000 -0.052470
23.000000 -0.053150
24.000000 -0.054112
25.000000 -0.054299
26.000000 -0.053406
27.000000 -0.054995
28.000000 -0.054820
29.000000 -0.056510
30.000000 -0.057552
31.000000 -0.056327
32.000000 -0.058062
33.000000 -0.056311
34.000000 -0.055570
35.000000 -0.053501
36.000000 -0.053376
37.000000 -0.051953
38.000000 -0.053412
39.000000 -0.052811
40.000000 -0.053480
41.000000 -0.057041
42.000000 -0.055511
43.000000 -0.055763
44.000000 -0.057001
45.000000 -0.059837
46.000000 -0.063396
47.000000 -0.062188
48.000000 -0.062910
49.000000 -0.066935
50.000000 -0.065942
51.000000 -0.066206
52.000000 -0.067477
53.000000 -0.069050
54.000000 -0.073154
55.000000 -0.075299
56.000000 -0.074769
57.000000 -0.075728
58.000000 -0.078098
59.000000 -0.078806
